==================
test 1:
student:
6;5;2;4;3;1;
grader:
1;2;3;4;5;6;
==================
test 2:
student:
148;143;130;117;123;114;138;128;141;141;126;108;113;136;114;106;107;79;129;80;145;88;147;88;107;83;113;117;123;131;141;72;79;59;68;92;149;93;96;80;143;145;145;91;104;148;146;105;80;86;69;82;145;111;60;54;76;120;75;83;128;129;131;59;46;141;130;54;50;63;58;53;34;36;49;95;95;96;96;50;16;129;98;99;100;100;102;37;9;102;132;134;102;103;22;104;39;17;22;63;86;65;66;109;110;52;145;68;61;37;31;19;17;25;22;119;116;17;68;52;55;9;14;13;11;4;2;44;36;34;32;10;24;139;50;39;8;8;27;6;8;28;23;43;41;16;20;18;24;24;
grader:
2;4;6;8;8;8;9;9;10;11;13;14;16;16;17;17;17;18;19;20;22;22;22;23;24;24;24;25;27;28;31;32;34;34;36;36;37;37;39;39;41;43;44;46;49;50;50;50;52;52;53;54;54;55;58;59;59;60;61;63;63;65;66;68;68;68;69;72;75;76;79;79;80;80;80;82;83;83;86;86;88;88;91;92;93;95;95;96;96;96;98;99;100;100;102;102;102;103;104;104;105;106;107;107;108;109;110;111;113;113;114;114;116;117;117;119;120;123;123;126;128;128;129;129;129;130;130;131;131;132;134;136;138;139;141;141;141;141;143;143;145;145;145;145;145;146;147;148;148;149;
==================
test 3:
student:
198;197;166;195;145;158;145;125;124;191;104;113;105;116;127;158;120;124;159;102;124;128;131;116;100;99;96;139;123;194;143;196;167;168;117;118;200;102;188;186;102;104;104;180;161;167;195;99;99;90;92;98;93;95;91;135;136;138;134;169;169;106;145;153;196;154;182;158;191;143;68;191;106;106;107;109;153;80;79;99;79;110;110;64;53;25;59;176;113;180;114;48;43;160;80;98;73;96;97;69;41;27;41;83;86;73;83;73;29;86;70;130;22;168;169;131;131;52;134;178;178;50;135;34;39;195;136;136;137;137;138;43;30;36;2;139;61;186;140;27;95;36;24;22;13;10;145;146;146;148;150;150;151;72;74;29;66;67;24;2;72;17;26;161;163;164;166;58;55;45;15;5;18;32;45;170;171;173;14;12;9;7;9;7;39;32;17;189;8;21;21;11;29;24;54;41;26;95;14;13;
grader:
2;2;5;7;7;8;9;9;10;11;12;13;13;14;14;15;17;17;18;21;21;22;22;24;24;24;25;26;26;27;27;29;29;29;30;32;32;34;36;36;39;39;41;41;41;43;43;45;45;48;50;52;53;54;55;58;59;61;64;66;67;68;69;70;72;72;73;73;73;74;79;79;80;80;83;83;86;86;90;91;92;93;95;95;95;96;96;97;98;98;99;99;99;99;100;102;102;102;104;104;104;105;106;106;106;107;109;110;110;113;113;114;116;116;117;118;120;123;124;124;124;125;127;128;130;131;131;131;134;134;135;135;136;136;136;137;137;138;138;139;139;140;143;143;145;145;145;145;146;146;148;150;150;151;153;153;154;158;158;158;159;160;161;161;163;164;166;166;167;167;168;168;169;169;169;170;171;173;176;178;178;180;180;182;186;186;188;189;191;191;191;194;195;195;195;196;196;197;198;200;
==================
test 4:
student:
218;223;217;218;180;213;194;247;232;136;230;197;213;193;196;136;228;195;241;198;206;242;180;195;109;210;189;209;122;248;123;232;130;184;230;95;181;124;189;127;190;128;181;117;129;106;98;110;114;109;104;136;177;136;124;159;235;160;124;154;250;210;124;148;229;138;212;125;154;224;227;79;58;229;125;126;133;163;171;173;163;166;184;191;193;126;176;61;67;219;219;66;92;91;96;95;95;113;108;95;106;77;67;117;116;136;214;134;116;69;223;80;61;82;86;141;236;236;143;144;246;196;114;103;145;145;145;250;146;202;205;147;40;211;58;148;148;150;150;152;153;243;245;72;58;31;41;219;221;155;176;246;155;156;238;239;158;158;159;50;25;59;86;82;166;167;169;170;170;170;3;172;20;174;87;54;18;35;43;45;64;178;29;13;49;91;83;54;48;82;76;88;72;12;12;86;95;74;99;2;4;95;91;49;57;7;18;40;18;14;7;23;18;2;7;119;116;37;7;46;43;64;100;70;65;45;51;78;31;16;2;11;52;11;6;34;21;239;239;23;40;9;35;52;246;3;6;61;27;49;
grader:
2;2;2;3;3;4;6;6;7;7;7;7;9;11;11;12;12;13;14;16;18;18;18;18;20;21;23;23;25;27;29;31;31;34;35;35;37;40;40;40;41;43;43;45;45;46;48;49;49;49;50;51;52;52;54;54;57;58;58;58;59;61;61;61;64;64;65;66;67;67;69;70;72;72;74;76;77;78;79;80;82;82;82;83;86;86;86;87;88;91;91;91;92;95;95;95;95;95;95;96;98;99;100;103;104;106;106;108;109;109;110;113;114;114;116;116;116;117;117;119;122;123;124;124;124;124;125;125;126;126;127;128;129;130;133;134;136;136;136;136;136;138;141;143;144;145;145;145;146;147;148;148;148;150;150;152;153;154;154;155;155;156;158;158;159;159;160;163;163;166;166;167;169;170;170;170;171;172;173;174;176;176;177;178;180;180;181;181;184;184;189;189;190;191;193;193;194;195;195;196;196;197;198;202;205;206;209;210;210;211;212;213;213;214;217;218;218;219;219;219;221;223;223;224;227;228;229;229;230;230;232;232;235;236;236;238;239;239;239;241;242;243;245;246;246;246;247;248;250;250;
==================
test 5:
student:
298;298;277;277;250;232;254;297;275;221;250;210;229;246;295;246;270;278;215;256;151;213;215;209;158;159;226;213;298;159;220;284;273;210;213;299;145;234;290;169;291;279;149;232;280;280;201;209;209;143;135;145;232;226;226;200;278;148;245;291;291;173;295;282;295;273;130;102;114;121;127;154;174;154;155;232;286;289;170;171;186;236;155;268;269;279;236;156;161;80;86;236;230;206;157;139;145;134;158;107;128;112;132;219;160;161;167;143;145;138;141;297;230;56;69;96;68;163;164;165;245;298;300;166;261;267;295;264;166;253;253;167;110;95;104;63;92;113;72;109;111;117;124;172;296;224;225;105;299;99;66;174;176;248;250;177;178;69;98;181;182;185;55;143;236;190;191;193;193;194;194;195;196;45;88;196;197;198;199;80;58;49;4;202;203;204;205;205;102;207;208;123;126;113;132;129;111;270;270;92;6;107;118;64;105;129;126;218;35;46;102;224;224;273;273;12;27;18;140;136;41;131;139;230;131;53;109;24;39;48;22;23;2;52;48;14;51;238;238;241;243;120;109;22;8;17;24;61;68;57;50;16;7;258;40;261;96;266;4;8;51;16;17;2;34;27;39;31;54;52;69;24;16;45;10;100;86;50;37;83;62;34;77;37;83;95;114;79;10;106;296;39;68;81;25;36;76;106;98;16;
grader:
2;2;4;4;6;7;8;8;10;10;12;14;16;16;16;16;17;17;18;22;22;23;24;24;24;25;27;27;31;34;34;35;36;37;37;39;39;39;40;41;45;45;46;48;48;49;50;50;51;51;52;52;53;54;55;56;57;58;61;62;63;64;66;68;68;68;69;69;69;72;76;77;79;80;80;81;83;83;86;86;88;92;92;95;95;96;96;98;98;99;100;102;102;102;104;105;105;106;106;107;107;109;109;109;110;111;111;112;113;113;114;114;117;118;120;121;123;124;126;126;127;128;129;129;130;131;131;132;132;134;135;136;138;139;139;140;141;143;143;143;145;145;145;145;148;149;151;154;154;155;155;156;157;158;158;159;159;160;161;161;163;164;165;166;166;167;167;169;170;171;172;173;174;174;176;177;178;181;182;185;186;190;191;193;193;194;194;195;196;196;197;198;199;200;201;202;203;204;205;205;206;207;208;209;209;209;210;210;213;213;213;215;215;218;219;220;221;224;224;224;225;226;226;226;229;230;230;230;232;232;232;232;234;236;236;236;236;238;238;241;243;245;245;246;246;248;250;250;250;253;253;254;256;258;261;261;264;266;267;268;269;270;270;270;273;273;273;273;275;277;277;278;278;279;279;280;280;282;284;286;289;290;291;291;291;295;295;295;295;296;296;297;297;298;298;298;298;299;299;300;
